種類,仕込み規模(kg),総米(kg),蒸米(kg),麹米(kg),汲み水(ℓ),留測(ℓ),乳酸(ml)
速醸,1350,80,50,30,96,176,550
速醸,1200,70,45,25,84,154,490
速醸,1100,65,40,25,78,143,450
速醸,1000,55,35,20,66,121,380
速醸,900,50,30,20,60,110,350
速醸,800,45,30,15,54,99,320
速醸,750,40,25,15,48,88,280
速醸,700,40,25,15,48,88,280
速醸,600,35,23,12,42,77,245
速醸,500,27,18,9,32,59,190
速醸,400,22,15,7,26,48,155
高温糖化,1350,70,45,25,125,195,565
高温糖化,1200,60,40,20,110,170,500